priority rank,old URL,old title,old meta title,old meta description,old content type,current live status,Google ranking/impression/click evidence,featured snippet evidence,old image availability,best new route,whether to preserve same URL or redirect,redirect target,canonical URL,sitemap inclusion,legal safety status,image status,approval status,recovery classification,notes
"1","https://chamanlawfirm.com/","Home","","","general legal education","live canonical/static","1598 clicks; 78655 impressions; avg position 25.32 from local GSC Pages.csv","not available locally","legacy image not confirmed","/","preserve same URL","","https://chamanlawfirm.com/","not included until restored/approved or static target exists","low/medium - editorial and legal review still required","image recovery needed","not restored","merge into existing stronger live page",""
"19","https://chamanlawfirm.com/gain-nigerian-citizenship-by-marriage/","Gain Nigerian Citizenship By Marriage","Powerful step: Gain Nigerian Citizenship by Marriage","Learn how a foreign wife can gain Nigerian citizenship by marriage, including eligibility, legal process, and documents required for application.","immigration","redirect configured to /practice-areas/immigration-services","505 clicks; 34961 impressions; avg position 11.08 from local GSC Pages.csv","not available locally","legacy image not confirmed","/practice-areas/immigration-services","redirect old URL to best new route","","https://chamanlawfirm.com/practice-areas/immigration-services","included","high - lawyer review required before publication","image recovery needed","hidden/not approved","merge into existing stronger live page",""
"38","https://chamanlawfirm.com/what-is-the-implication-of-quit-notice/","What Is The Implication Of Quit Notice","Implication of Quit Notice","Implication of Quit Notice. It is a letter issued to a tenant by the landlord stating the specific date the tenant is expected to evict the premises and give up possession of the property.","general legal education","redirect configured to /practice-areas/property-real-estate-law","283 clicks; 30132 impressions; avg position 11.67 from local GSC Pages.csv","not available locally","legacy image not confirmed","/practice-areas/property-real-estate-law","redirect old URL to best new route","","https://chamanlawfirm.com/practice-areas/property-real-estate-law","included","high - lawyer review required before publication","image recovery needed","hidden/not approved","merge into existing stronger live page",""
"40","https://chamanlawfirm.com/polygamy-and-multiple-marriages-in-nigeria/","Polygamy And Multiple Marriages In Nigeria","Polygamy And Multiple Marriages In Nigeria; The Ultimate Guide to Polygamy under Nigerian Law: Proven Essential Insights","Polygamy And Multiple Marriages In Nigeria","family law","redirect configured to /practice-areas/family-law","262 clicks; 65029 impressions; avg position 8.88 from local GSC Pages.csv","not available locally","Sanity image present","/practice-areas/family-law","redirect old URL to best new route","","https://chamanlawfirm.com/practice-areas/family-law","included","high - lawyer review required before publication","image and alt present in Sanity","hidden/not approved","merge into existing stronger live page",""
"47","https://chamanlawfirm.com/registration-of-trade-union-in-nigeria/","Registration Of Trade Union In Nigeria","","","general legal education","redirect configured to /practice-areas/employment-law","227 clicks; 11085 impressions; avg position 14.87 from local GSC Pages.csv","not available locally","legacy image not confirmed","/practice-areas/employment-law","redirect old URL to best new route","","https://chamanlawfirm.com/practice-areas/employment-law","included","low/medium - editorial and legal review still required","image recovery needed","not restored","merge into existing stronger live page",""
"49","https://chamanlawfirm.com/how-to-file-complaint-against-police-officers-in-nigeria/","How To File Complaint Against Police Officers In Nigeria","How To File Complaint Against Police Officers In Nigeria","HOW TO FILE COMPLAINT AGAINST POLICE OFFICERS IN NIGERIA, To file a complaint against a police officer in Nigeria...","litigation/ADR","redirect configured to /practice-areas/litigation-dispute-resolution","226 clicks; 14028 impressions; avg position 9.58 from local GSC Pages.csv","not available locally","legacy image not confirmed","/practice-areas/litigation-dispute-resolution","redirect old URL to best new route","","https://chamanlawfirm.com/practice-areas/litigation-dispute-resolution","included","high - lawyer review required before publication","image recovery needed","hidden/not approved","merge into existing stronger live page",""
"50","https://chamanlawfirm.com/abandonment-and-withdrew-of-court-action/","Abandonment And Withdrew Of Court Action","Proven Steps on Abandonment and Withdrew of Court Action","Chaman Law Firm explains the consequences of Abandonment and Withdrew of Court Action in Nigeria, clarity and guidance on litigation decisions","litigation/ADR","redirect configured to /practice-areas/litigation-dispute-resolution","219 clicks; 10144 impressions; avg position 6.77 from local GSC Pages.csv","not available locally","Sanity image present","/practice-areas/litigation-dispute-resolution","redirect old URL to best new route","/practice-areas/litigation-dispute-resolution","https://chamanlawfirm.com/practice-areas/litigation-dispute-resolution","included","low/medium - editorial and legal review still required","image and alt present in Sanity","approved public","merge into existing stronger live page",""
"55","https://chamanlawfirm.com/certificate-of-occupancy-in-rivers-state/","Certificate Of Occupancy In Rivers State","Certificate of Occupancy in Rivers State: Effortless 2025 Guide: How to Secure Your Certificate of Occupancy in Rivers State","Certificate of Occupancy in Rivers State The process of acquiring a Certificate of Occupancy (C of O) in Rivers State, Nigeria, has long...","property/title","redirect configured to /practice-areas/property-real-estate-law","210 clicks; 5338 impressions; avg position 9.43 from local GSC Pages.csv","not available locally","Sanity image present","/practice-areas/property-real-estate-law","redirect old URL to best new route","/practice-areas/property-real-estate-law","https://chamanlawfirm.com/practice-areas/property-real-estate-law","included","low/medium - editorial and legal review still required","image and alt present in Sanity","approved public","merge into existing stronger live page",""
"61","https://chamanlawfirm.com/how-to-legally-change-a-child-surname/","How To Legally Change A Child Surname","","","family law","redirect configured to /practice-areas/family-law","180 clicks; 10512 impressions; avg position 10.02 from local GSC Pages.csv","not available locally","legacy image not confirmed","/practice-areas/family-law","redirect old URL to best new route","","https://chamanlawfirm.com/practice-areas/family-law","included","high - lawyer review required before publication","image recovery needed","not restored","merge into existing stronger live page",""
"62","https://chamanlawfirm.com/the-role-of-the-judiciary-in-nigerian-democracy/","The Role Of The Judiciary In Nigerian Democracy","","","litigation/ADR","redirect configured to /practice-areas/litigation-dispute-resolution","177 clicks; 8272 impressions; avg position 16.9 from local GSC Pages.csv","not available locally","legacy image not confirmed","/practice-areas/litigation-dispute-resolution","redirect old URL to best new route","","https://chamanlawfirm.com/practice-areas/litigation-dispute-resolution","included","low/medium - editorial and legal review still required","image recovery needed","not restored","merge into existing stronger live page",""
"63","https://chamanlawfirm.com/void-and-voidable-marriages-in-nigeria/","Void And Voidable Marriages In Nigeria","Void and Voidable Marriages in Nigeria: Understanding Legal Implications","VOID AND VOIDABLE MARRIAGES IN NIGERIA,Marriages are generally annulled in Nigeria when parties","family law","redirect configured to /practice-areas/family-law","172 clicks; 7850 impressions; avg position 14.05 from local GSC Pages.csv","not available locally","Sanity image present","/practice-areas/family-law","redirect old URL to best new route","","https://chamanlawfirm.com/practice-areas/family-law","included","high - lawyer review required before publication","image and alt present in Sanity","hidden/not approved","merge into existing stronger live page",""
"65","https://chamanlawfirm.com/can-a-minor-enter-into-a-valid-contract-in-nigeria/","Can A Minor Enter Into A Valid Contract In Nigeria","CAN A MINOR ENTER INTO A VALID CONTRACT IN NIGERIA?","CAN A MINOR ENTER INTO A VALID CONTRACT IN NIGERIA? A minor can legally enter into a contract but","corporate/commercial","redirect configured to /practice-areas/corporate-commercial-law","168 clicks; 10340 impressions; avg position 8.76 from local GSC Pages.csv","not available locally","Sanity image present","/practice-areas/corporate-commercial-law","redirect old URL to best new route","","https://chamanlawfirm.com/practice-areas/corporate-commercial-law","included","medium - verify current law and facts before publication","image and alt present in Sanity","hidden/not approved","merge into existing stronger live page",""
"67","https://chamanlawfirm.com/conditions-for-granting-injunctions-and-types-of-injunctions/","Conditions For Granting Injunctions And Types Of Injunctions","Conditions For Granting Injunctions And Types Of Injunctions","CONDITIONS FOR GRANTING INJUNCTIONS AND TYPES OF INJUNCTIONS An injunction is a remedy granted by the court that prohibits someone from a threatened wrong or the continuation of a wrongful course of action that has alr","litigation/ADR","redirect configured to /practice-areas/litigation-dispute-resolution","164 clicks; 3033 impressions; avg position 9.29 from local GSC Pages.csv","not available locally","legacy image not confirmed","/practice-areas/litigation-dispute-resolution","redirect old URL to best new route","","https://chamanlawfirm.com/practice-areas/litigation-dispute-resolution","included","low/medium - editorial and legal review still required","image recovery needed","hidden/not approved","merge into existing stronger live page",""
"69","https://chamanlawfirm.com/how-to-verify-land-title-before-buying-land/","How To Verify Land Title Before Buying Land","","","property/title","redirect configured to /practice-areas/property-real-estate-law/property-verification","154 clicks; 8738 impressions; avg position 6.08 from local GSC Pages.csv","not available locally","legacy image not confirmed","/practice-areas/property-real-estate-law/property-verification","redirect old URL to best new route","","https://chamanlawfirm.com/practice-areas/property-real-estate-law/property-verification","included","medium - verify current law and facts before publication","image recovery needed","not restored","merge into existing stronger live page",""
"73","https://chamanlawfirm.com/overview-of-the-concept-recovery-of-premises/","Overview Of The Concept Recovery Of Premises","Powerful Steps: Overview of the Concept Recovery of Premises","Get an Overview of the Concept Recovery of Premises in Lagos State, covering legal processes, tenant eviction, and landlord rights under the law.","property/title","redirect configured to /practice-areas/property-real-estate-law","151 clicks; 8920 impressions; avg position 9.6 from local GSC Pages.csv","not available locally","Sanity image present","/practice-areas/property-real-estate-law","redirect old URL to best new route","","https://chamanlawfirm.com/practice-areas/property-real-estate-law","included","low/medium - editorial and legal review still required","image and alt present in Sanity","hidden/not approved","merge into existing stronger live page",""
"74","https://chamanlawfirm.com/how-do-i-legally-evict-a-tenant-in-ogun-state/","How Do I Legally Evict A Tenant In Ogun State","How Do I Legally Evict a Tenant in Ogun State?","How Do I Legally Evict a Tenant in Ogun State? A Step-by-Step Guide for Landlords Under Ogun State Tenancy Law Introduction Evicting a tenant can be one of the most difficult and stressful situations a landlord in Ogu...","property/title","redirect configured to /practice-areas/property-real-estate-law","151 clicks; 4331 impressions; avg position 4.79 from local GSC Pages.csv","not available locally","legacy image not confirmed","/practice-areas/property-real-estate-law","redirect old URL to best new route","","https://chamanlawfirm.com/practice-areas/property-real-estate-law","included","high - lawyer review required before publication","image recovery needed","hidden/not approved","merge into existing stronger live page",""
"77","https://chamanlawfirm.com/overview-of-latches-and-acquiescence/","Overview Of Latches And Acquiescence","","","general legal education","redirect configured to /practice-areas/litigation-dispute-resolution","149 clicks; 9158 impressions; avg position 11.59 from local GSC Pages.csv","not available locally","legacy image not confirmed","/practice-areas/litigation-dispute-resolution","redirect old URL to best new route","","https://chamanlawfirm.com/practice-areas/litigation-dispute-resolution","included","low/medium - editorial and legal review still required","image recovery needed","not restored","merge into existing stronger live page",""
"78","https://chamanlawfirm.com/land-grabbing-the-legal-consequences-of/","Land Grabbing The Legal Consequences Of","Severe Repercussions of Land Grabbing in Nigeria: What Property Owners Must Know","The Legal Consequences of Land Grabbing in Nigeria: What Property Owners Must Know...","property/title","redirect configured to /practice-areas/property-real-estate-law","148 clicks; 7395 impressions; avg position 9.15 from local GSC Pages.csv","not available locally","Sanity image present","/practice-areas/property-real-estate-law","redirect old URL to best new route","","https://chamanlawfirm.com/practice-areas/property-real-estate-law","included","medium - verify current law and facts before publication","image and alt present in Sanity","hidden/not approved","merge into existing stronger live page",""
"79","https://chamanlawfirm.com/is-police-bail-free-in-nigeria/","Is Police Bail Free In Nigeria","","","litigation/ADR","redirect configured to /practice-areas/litigation-dispute-resolution","146 clicks; 13323 impressions; avg position 10.55 from local GSC Pages.csv","not available locally","legacy image not confirmed","/practice-areas/litigation-dispute-resolution","redirect old URL to best new route","","https://chamanlawfirm.com/practice-areas/litigation-dispute-resolution","included","high - lawyer review required before publication","image recovery needed","not restored","merge into existing stronger live page",""
"81","https://chamanlawfirm.com/powerful-steps-sources-of-tax-law-in-nigeria/","Powerful Steps Sources Of Tax Law In Nigeria","Powerful Steps: Sources of Tax Law in Nigeria","Understanding Sources of Tax Law in Nigeria can be divided into primary and secondary sources.","corporate/commercial","redirect configured to /practice-areas/corporate-commercial-law","146 clicks; 9857 impressions; avg position 23.32 from local GSC Pages.csv","not available locally","Sanity image present","/practice-areas/corporate-commercial-law","redirect old URL to best new route","","https://chamanlawfirm.com/practice-areas/corporate-commercial-law","included","medium - verify current law and facts before publication","image and alt present in Sanity","hidden/not approved","merge into existing stronger live page",""
"85","https://chamanlawfirm.com/cost-of-building-approval-chaman-law-firm/","Cost Of Building Approval Chaman Law Firm","Powerful Steps: Cost of Building Approval / Chaman Law Firm","Cost of building approval in Ogun? Find out the estimated cost of obtaining building approval and other costs that influence total expenses.","general legal education","redirect configured to /practice-areas/property-real-estate-law","142 clicks; 5152 impressions; avg position 4.55 from local GSC Pages.csv","not available locally","legacy image not confirmed","/practice-areas/property-real-estate-law","redirect old URL to best new route","","https://chamanlawfirm.com/practice-areas/property-real-estate-law","included","low/medium - editorial and legal review still required","image recovery needed","hidden/not approved","merge into existing stronger live page",""
"87","https://chamanlawfirm.com/property-how-to-place-a-caveat/","Property How To Place A Caveat","Property How To Place A Caveat","Secure Your Property Rights; How to Place a Caveat on a Property in Ogun State, Nigeria","property/title","redirect configured to /practice-areas/property-real-estate-law","140 clicks; 4283 impressions; avg position 9.89 from local GSC Pages.csv","not available locally","Sanity image present","/practice-areas/property-real-estate-law","redirect old URL to best new route","","https://chamanlawfirm.com/practice-areas/property-real-estate-law","included","medium - verify current law and facts before publication","image and alt present in Sanity","hidden/not approved","merge into existing stronger live page",""
"88","https://chamanlawfirm.com/tthe-legal-rights-of-a-wife-after-divorce/","Tthe Legal Rights Of A Wife After Divorce","","","family law","redirect configured to /practice-areas/family-law","138 clicks; 7285 impressions; avg position 14.29 from local GSC Pages.csv","not available locally","legacy image not confirmed","/practice-areas/family-law","redirect old URL to best new route","","https://chamanlawfirm.com/practice-areas/family-law","included","high - lawyer review required before publication","image recovery needed","not restored","merge into existing stronger live page",""
"90","https://chamanlawfirm.com/can-a-landlord-increase-rent-arbitrarily-in-ogun/","Can A Landlord Increase Rent Arbitrarily In Ogun","Powerful Steps: Can a Landlord Increase Rent Arbitrarily","Increase Rent Arbitrarily - Learn when and how rent can be increased lawfully and what tenants can do if they believe a rent hike is unfair in Ogun","property/title","redirect configured to /practice-areas/property-real-estate-law","136 clicks; 4178 impressions; avg position 7.4 from local GSC Pages.csv","not available locally","Sanity image present","/practice-areas/property-real-estate-law","redirect old URL to best new route","","https://chamanlawfirm.com/practice-areas/property-real-estate-law","included","medium - verify current law and facts before publication","image and alt present in Sanity","hidden/not approved","merge into existing stronger live page",""
"91","https://chamanlawfirm.com/deal-with-and-bad-tenant-as-a-landlord/","Deal With And Bad Tenant As A Landlord","How to Deal with a bad tenant as a landlord in nigeria","As a landlord in Nigeria, dealing with bad tenants is part and parcel of property management. While many tenants fulfill their obligations respectfully,","property/title","redirect configured to /practice-areas/property-real-estate-law","130 clicks; 7642 impressions; avg position 7.8 from local GSC Pages.csv","not available locally","Sanity image present","/practice-areas/property-real-estate-law","redirect old URL to best new route","/practice-areas/property-real-estate-law","https://chamanlawfirm.com/practice-areas/property-real-estate-law","included","medium - verify current law and facts before publication","image and alt present in Sanity","approved public","merge into existing stronger live page",""
"93","https://chamanlawfirm.com/types-of-parties-to-a-civil-action/","Types Of Parties To A Civil Action","","","general legal education","redirect configured to /practice-areas/litigation-dispute-resolution","127 clicks; 7219 impressions; avg position 13.35 from local GSC Pages.csv","not available locally","legacy image not confirmed","/practice-areas/litigation-dispute-resolution","redirect old URL to best new route","","https://chamanlawfirm.com/practice-areas/litigation-dispute-resolution","included","low/medium - editorial and legal review still required","image recovery needed","not restored","merge into existing stronger live page",""
"95","https://chamanlawfirm.com/how-do-i-obtain-a-certificate-of-occupancy/","How Do I Obtain A Certificate Of Occupancy","Powerful Steps: How do I obtain a Certificate of Occupancy","How do i obtain a Certificate of Occupancy? Crucial for land ownership in Ogun State. Chaman Law Firm explains the steps and required documents","property/title","redirect configured to /practice-areas/property-real-estate-law","122 clicks; 6087 impressions; avg position 6.47 from local GSC Pages.csv","not available locally","Sanity image present","/practice-areas/property-real-estate-law","redirect old URL to best new route","/practice-areas/property-real-estate-law","https://chamanlawfirm.com/practice-areas/property-real-estate-law","included","low/medium - editorial and legal review still required","image and alt present in Sanity","approved public","merge into existing stronger live page",""
"96","https://chamanlawfirm.com/powerful-steps-valid-survey/","Powerful Steps Valid Survey","","","property/title","redirect configured to /practice-areas/property-real-estate-law","120 clicks; 4234 impressions; avg position 5.87 from local GSC Pages.csv","not available locally","legacy image not confirmed","/practice-areas/property-real-estate-law","redirect old URL to best new route","","https://chamanlawfirm.com/practice-areas/property-real-estate-law","included","low/medium - editorial and legal review still required","image recovery needed","not restored","merge into existing stronger live page",""
"98","https://chamanlawfirm.com/understanding-rent-increase-laws-in-lagos/","Understanding Rent Increase Laws In Lagos","","","property/title","redirect configured to /practice-areas/property-real-estate-law","115 clicks; 27541 impressions; avg position 5.93 from local GSC Pages.csv","not available locally","legacy image not confirmed","/practice-areas/property-real-estate-law","redirect old URL to best new route","","https://chamanlawfirm.com/practice-areas/property-real-estate-law","included","low/medium - editorial and legal review still required","image recovery needed","not restored","merge into existing stronger live page",""
"100","https://chamanlawfirm.com/deed-of-assignment-in-nigeria/","Deed Of Assignment In Nigeria","deed of assignment best registration procedures","THE STEPS FOR REGISTRATION OF DEED OF ASSIGNMENT IN NIGERIA The consent of the Governor is important before...","property/title","redirect configured to /practice-areas/property-real-estate-law","114 clicks; 5572 impressions; avg position 9.99 from local GSC Pages.csv","not available locally","Sanity image present","/practice-areas/property-real-estate-law","redirect old URL to best new route","","https://chamanlawfirm.com/practice-areas/property-real-estate-law","included","low/medium - editorial and legal review still required","image and alt present in Sanity","hidden/not approved","merge into existing stronger live page",""
"208","https://chamanlawfirm.com/documents-to-verify-before-buying-property/","Documents To Verify Before Buying Property","","","property/title","redirect configured to /practice-areas/property-real-estate-law/property-due-diligence","63 clicks; 4881 impressions; avg position 6.12 from local GSC Pages.csv","not available locally","legacy image not confirmed","/practice-areas/property-real-estate-law/property-due-diligence","redirect old URL to best new route","","https://chamanlawfirm.com/practice-areas/property-real-estate-law/property-due-diligence","included","medium - verify current law and facts before publication","image recovery needed","not restored","merge into existing stronger live page",""
"241","https://chamanlawfirm.com/chaman-legal-team-2/","Chaman Legal Team 2","","","general legal education","live 404","52 clicks; 6486 impressions; avg position 6.96 from local GSC Pages.csv","not available locally","legacy image not confirmed","/resources/blog/chaman-legal-team-2","redirect old URL to best new route","","https://chamanlawfirm.com/resources/blog/chaman-legal-team-2","not included until restored/approved or static target exists","low/medium - editorial and legal review still required","image recovery needed","not restored","restore as static authority page",""
"242","https://chamanlawfirm.com/role-of-shareholder-in-corporate-decision-making/","Role Of Shareholder In Corporate Decision Making","","","corporate/commercial","live 404","52 clicks; 3869 impressions; avg position 16.1 from local GSC Pages.csv","not available locally","legacy image not confirmed","/practice-areas/corporate-commercial-law","redirect old URL to best new route","","https://chamanlawfirm.com/practice-areas/corporate-commercial-law","included","low/medium - editorial and legal review still required","image recovery needed","not restored","restore as service landing page",""
"292","https://chamanlawfirm.com/what-to-know-about-warranties-and-conditions/","What To Know About Warranties And Conditions","","","general legal education","not confirmed","42 clicks; 3392 impressions; avg position 18.68 from local GSC Pages.csv","not available locally","legacy image not confirmed","/resources/blog/what-to-know-about-warranties-and-conditions","redirect old URL to best new route","","https://chamanlawfirm.com/resources/blog/what-to-know-about-warranties-and-conditions","not included until restored/approved or static target exists","low/medium - editorial and legal review still required","image recovery needed","not restored","restore as static authority page",""
"340","https://chamanlawfirm.com/real-estate-law-in-nigeria/","Real Estate Law In Nigeria","","","property/title","not confirmed","33 clicks; 4324 impressions; avg position 20.17 from local GSC Pages.csv","not available locally","legacy image not confirmed","/resources/blog/real-estate-law-in-nigeria","redirect old URL to best new route","","https://chamanlawfirm.com/resources/blog/real-estate-law-in-nigeria","not included until restored/approved or static target exists","low/medium - editorial and legal review still required","image recovery needed","not restored","restore as service landing page",""
"343","https://chamanlawfirm.com/challenges-of-real-estate-development-in-nigeria/","Challenges Of Real Estate Development In Nigeria","","","property/title","not confirmed","33 clicks; 2150 impressions; avg position 20.5 from local GSC Pages.csv","not available locally","legacy image not confirmed","/resources/blog/challenges-of-real-estate-development-in-nigeria","redirect old URL to best new route","","https://chamanlawfirm.com/resources/blog/challenges-of-real-estate-development-in-nigeria","not included until restored/approved or static target exists","low/medium - editorial and legal review still required","image recovery needed","not restored","restore as service landing page",""
"405","https://chamanlawfirm.com/real-estate-agents-and-brokers-in-nigeria/","Real Estate Agents And Brokers In Nigeria","","","property/title","not confirmed","25 clicks; 5826 impressions; avg position 28.5 from local GSC Pages.csv","not available locally","legacy image not confirmed","/resources/blog/real-estate-agents-and-brokers-in-nigeria","redirect old URL to best new route","","https://chamanlawfirm.com/resources/blog/real-estate-agents-and-brokers-in-nigeria","not included until restored/approved or static target exists","low/medium - editorial and legal review still required","image recovery needed","not restored","restore as service landing page",""
"415","https://chamanlawfirm.com/book-consultation/","Book Consultation","","","general legal education","not confirmed","25 clicks; 530 impressions; avg position 30.18 from local GSC Pages.csv","not available locally","legacy image not confirmed","/resources/blog/book-consultation","redirect old URL to best new route","","https://chamanlawfirm.com/resources/blog/book-consultation","not included until restored/approved or static target exists","low/medium - editorial and legal review still required","image recovery needed","not restored","restore as service landing page",""
"433","https://chamanlawfirm.com/how-to-draft-legal-contract/","How To Draft Legal Contract","","","corporate/commercial","not confirmed","23 clicks; 2833 impressions; avg position 35.95 from local GSC Pages.csv","not available locally","legacy image not confirmed","/practice-areas/corporate-commercial-law","redirect old URL to best new route","","https://chamanlawfirm.com/practice-areas/corporate-commercial-law","included","medium - verify current law and facts before publication","image recovery needed","not restored","restore as service landing page",""
"434","https://chamanlawfirm.com/joint-venture-real-estate-projects-in-lagos/","Joint Venture Real Estate Projects In Lagos","","","property/title","not confirmed","23 clicks; 2409 impressions; avg position 6.24 from local GSC Pages.csv","not available locally","legacy image not confirmed","/resources/blog/joint-venture-real-estate-projects-in-lagos","redirect old URL to best new route","","https://chamanlawfirm.com/resources/blog/joint-venture-real-estate-projects-in-lagos","not included until restored/approved or static target exists","low/medium - editorial and legal review still required","image recovery needed","not restored","restore as service landing page",""
"468","https://chamanlawfirm.com/non-disclosure-agreement-nda-lawyer-5-effic/","Non Disclosure Agreement Nda Lawyer 5 Effic","","","general legal education","not confirmed","21 clicks; 2518 impressions; avg position 10.43 from local GSC Pages.csv","not available locally","legacy image not confirmed","/resources/blog/non-disclosure-agreement-nda-lawyer-5-effic","redirect old URL to best new route","","https://chamanlawfirm.com/resources/blog/non-disclosure-agreement-nda-lawyer-5-effic","not included until restored/approved or static target exists","low/medium - editorial and legal review still required","image recovery needed","not restored","restore as service landing page",""
"480","https://chamanlawfirm.com/retention-money-in-construction-contracts/","Retention Money In Construction Contracts","","","corporate/commercial","not confirmed","20 clicks; 3476 impressions; avg position 21.08 from local GSC Pages.csv","not available locally","legacy image not confirmed","/practice-areas/corporate-commercial-law","redirect old URL to best new route","","https://chamanlawfirm.com/practice-areas/corporate-commercial-law","included","medium - verify current law and facts before publication","image recovery needed","not restored","restore as service landing page",""
"481","https://chamanlawfirm.com/discover-real-estate-hotspots-in-ogun-state/","Discover Real Estate Hotspots In Ogun State","","","property/title","not confirmed","20 clicks; 3155 impressions; avg position 8.56 from local GSC Pages.csv","not available locally","legacy image not confirmed","/resources/blog/discover-real-estate-hotspots-in-ogun-state","redirect old URL to best new route","","https://chamanlawfirm.com/resources/blog/discover-real-estate-hotspots-in-ogun-state","not included until restored/approved or static target exists","low/medium - editorial and legal review still required","image recovery needed","not restored","restore as service landing page",""
"505","https://chamanlawfirm.com/employment-law-7-compliance-for-nigerian/","Employment Law 7 Compliance For Nigerian","","","employment law","not confirmed","18 clicks; 6451 impressions; avg position 34.67 from local GSC Pages.csv","not available locally","legacy image not confirmed","/practice-areas/employment-law","redirect old URL to best new route","","https://chamanlawfirm.com/practice-areas/employment-law","included","medium - verify current law and facts before publication","image recovery needed","not restored","restore as service landing page",""
"510","https://chamanlawfirm.com/corporate-governance-and-ethical-responsibility/","Corporate Governance And Ethical Responsibility","","","corporate/commercial","not confirmed","18 clicks; 2523 impressions; avg position 44.14 from local GSC Pages.csv","not available locally","legacy image not confirmed","/practice-areas/corporate-commercial-law","redirect old URL to best new route","","https://chamanlawfirm.com/practice-areas/corporate-commercial-law","included","low/medium - editorial and legal review still required","image recovery needed","not restored","restore as service landing page",""
"514","https://chamanlawfirm.com/nigeria-leading-immigration-lawyers/","Nigeria Leading Immigration Lawyers","","","immigration","not confirmed","18 clicks; 2020 impressions; avg position 27.03 from local GSC Pages.csv","not available locally","legacy image not confirmed","/practice-areas/immigration-services","redirect old URL to best new route","","https://chamanlawfirm.com/practice-areas/immigration-services","included","medium - verify current law and facts before publication","image recovery needed","not restored","restore as service landing page",""
"527","https://chamanlawfirm.com/guide-to-hire-lawyers-and-law-firms-in-nigeria/","Guide To Hire Lawyers And Law Firms In Nigeria","","","general legal education","not confirmed","17 clicks; 4782 impressions; avg position 24.73 from local GSC Pages.csv","not available locally","legacy image not confirmed","/resources/blog/guide-to-hire-lawyers-and-law-firms-in-nigeria","redirect old URL to best new route","","https://chamanlawfirm.com/resources/blog/guide-to-hire-lawyers-and-law-firms-in-nigeria","not included until restored/approved or static target exists","low/medium - editorial and legal review still required","image recovery needed","not restored","restore as service landing page",""
"540","https://chamanlawfirm.com/all-you-need-to-know-about-the-e-manifest/","All You Need To Know About The E Manifest","","","general legal education","not confirmed","17 clicks; 1971 impressions; avg position 11.77 from local GSC Pages.csv","not available locally","legacy image not confirmed","/resources/blog/all-you-need-to-know-about-the-e-manifest","redirect old URL to best new route","","https://chamanlawfirm.com/resources/blog/all-you-need-to-know-about-the-e-manifest","not included until restored/approved or static target exists","low/medium - editorial and legal review still required","image recovery needed","not restored","restore as static authority page",""
"545","https://chamanlawfirm.com/alternative-dispute-resolution-in-real-estate/","Alternative Dispute Resolution In Real Estate","","","property/title","not confirmed","17 clicks; 1657 impressions; avg position 31.56 from local GSC Pages.csv","not available locally","legacy image not confirmed","/resources/blog/alternative-dispute-resolution-in-real-estate","redirect old URL to best new route","","https://chamanlawfirm.com/resources/blog/alternative-dispute-resolution-in-real-estate","not included until restored/approved or static target exists","medium - verify current law and facts before publication","image recovery needed","not restored","restore as service landing page",""
"571","https://chamanlawfirm.com/legal-considerations-in-real-estate-investing/","Legal Considerations In Real Estate Investing","","","property/title","not confirmed","16 clicks; 1187 impressions; avg position 20.56 from local GSC Pages.csv","not available locally","legacy image not confirmed","/resources/blog/legal-considerations-in-real-estate-investing","redirect old URL to best new route","","https://chamanlawfirm.com/resources/blog/legal-considerations-in-real-estate-investing","not included until restored/approved or static target exists","low/medium - editorial and legal review still required","image recovery needed","not restored","restore as service landing page",""
"601","https://chamanlawfirm.com/impact-of-technology-on-real-estate/","Impact Of Technology On Real Estate","","","property/title","not confirmed","14 clicks; 2029 impressions; avg position 37.95 from local GSC Pages.csv","not available locally","legacy image not confirmed","/resources/blog/impact-of-technology-on-real-estate","redirect old URL to best new route","","https://chamanlawfirm.com/resources/blog/impact-of-technology-on-real-estate","not included until restored/approved or static target exists","low/medium - editorial and legal review still required","image recovery needed","not restored","restore as service landing page",""
"647","https://chamanlawfirm.com/proven-steps-qualities-of-good-mediator/","Proven Steps Qualities Of Good Mediator","","","litigation/ADR","not confirmed","12 clicks; 2449 impressions; avg position 27.31 from local GSC Pages.csv","not available locally","legacy image not confirmed","/practice-areas/adr-mediation","redirect old URL to best new route","","https://chamanlawfirm.com/practice-areas/adr-mediation","included","low/medium - editorial and legal review still required","image recovery needed","not restored","restore as static authority page",""
"652","https://chamanlawfirm.com/overview-of-real-estate-law-in-nigeria/","Overview Of Real Estate Law In Nigeria","","","property/title","not confirmed","12 clicks; 1666 impressions; avg position 25.24 from local GSC Pages.csv","not available locally","legacy image not confirmed","/resources/blog/overview-of-real-estate-law-in-nigeria","redirect old URL to best new route","","https://chamanlawfirm.com/resources/blog/overview-of-real-estate-law-in-nigeria","not included until restored/approved or static target exists","low/medium - editorial and legal review still required","image recovery needed","not restored","restore as service landing page",""
"654","https://chamanlawfirm.com/how-do-i-appoint-a-lawyer-to-represent-me/","How Do I Appoint A Lawyer To Represent Me","","","general legal education","not confirmed","12 clicks; 1428 impressions; avg position 8.87 from local GSC Pages.csv","not available locally","legacy image not confirmed","/resources/blog/how-do-i-appoint-a-lawyer-to-represent-me","redirect old URL to best new route","","https://chamanlawfirm.com/resources/blog/how-do-i-appoint-a-lawyer-to-represent-me","not included until restored/approved or static target exists","low/medium - editorial and legal review still required","image recovery needed","not restored","restore as service landing page",""
"657","https://chamanlawfirm.com/litigation-lawyers-in-nigeria/","Litigation Lawyers In Nigeria","","","litigation/ADR","not confirmed","12 clicks; 1295 impressions; avg position 30.13 from local GSC Pages.csv","not available locally","legacy image not confirmed","/resources/blog/litigation-lawyers-in-nigeria","redirect old URL to best new route","","https://chamanlawfirm.com/resources/blog/litigation-lawyers-in-nigeria","not included until restored/approved or static target exists","low/medium - editorial and legal review still required","image recovery needed","not restored","restore as service landing page",""
"662","https://chamanlawfirm.com/powerful-steps-probate-lawyer-in-nigeria/","Powerful Steps Probate Lawyer In Nigeria","","","probate/estate","not confirmed","12 clicks; 1108 impressions; avg position 15.42 from local GSC Pages.csv","not available locally","legacy image not confirmed","/practice-areas/probate-estate-administration","redirect old URL to best new route","","https://chamanlawfirm.com/practice-areas/probate-estate-administration","included","high - lawyer review required before publication","image recovery needed","not restored","restore as service landing page",""
"663","https://chamanlawfirm.com/strategies-to-protect-your-real-estate/","Strategies To Protect Your Real Estate","","","property/title","not confirmed","12 clicks; 1037 impressions; avg position 19.36 from local GSC Pages.csv","not available locally","legacy image not confirmed","/resources/blog/strategies-to-protect-your-real-estate","redirect old URL to best new route","","https://chamanlawfirm.com/resources/blog/strategies-to-protect-your-real-estate","not included until restored/approved or static target exists","low/medium - editorial and legal review still required","image recovery needed","not restored","restore as service landing page",""
"667","https://chamanlawfirm.com/real-estate-practice-in-nigeria/","Real Estate Practice In Nigeria","","","property/title","not confirmed","12 clicks; 765 impressions; avg position 28.23 from local GSC Pages.csv","not available locally","legacy image not confirmed","/resources/blog/real-estate-practice-in-nigeria","redirect old URL to best new route","","https://chamanlawfirm.com/resources/blog/real-estate-practice-in-nigeria","not included until restored/approved or static target exists","low/medium - editorial and legal review still required","image recovery needed","not restored","restore as service landing page",""
"669","https://chamanlawfirm.com/ip-real-estate-development-the-role-of/","Ip Real Estate Development The Role Of","","","property/title","not confirmed","12 clicks; 558 impressions; avg position 17.3 from local GSC Pages.csv","not available locally","legacy image not confirmed","/resources/blog/ip-real-estate-development-the-role-of","redirect old URL to best new route","","https://chamanlawfirm.com/resources/blog/ip-real-estate-development-the-role-of","not included until restored/approved or static target exists","low/medium - editorial and legal review still required","image recovery needed","not restored","restore as service landing page",""
"672","https://chamanlawfirm.com/real-estate-syndication-and-group-investment-in-nigeria-a-comprehensive-guide/","Real Estate Syndication And Group Investment In Nigeria A Comprehensive Guide","","","property/title","not confirmed","11 clicks; 4054 impressions; avg position 12.65 from local GSC Pages.csv","not available locally","legacy image not confirmed","/resources/blog/real-estate-syndication-and-group-investment-in-nigeria-a-comprehensive-guide","redirect old URL to best new route","","https://chamanlawfirm.com/resources/blog/real-estate-syndication-and-group-investment-in-nigeria-a-comprehensive-guide","not included until restored/approved or static target exists","low/medium - editorial and legal review still required","image recovery needed","not restored","restore as service landing page",""
"675","https://chamanlawfirm.com/the-land-use-act-on-real-estate-transactions/","The Land Use Act On Real Estate Transactions","","","property/title","not confirmed","11 clicks; 2235 impressions; avg position 18.49 from local GSC Pages.csv","not available locally","legacy image not confirmed","/resources/blog/the-land-use-act-on-real-estate-transactions","redirect old URL to best new route","","https://chamanlawfirm.com/resources/blog/the-land-use-act-on-real-estate-transactions","not included until restored/approved or static target exists","medium - verify current law and facts before publication","image recovery needed","not restored","restore as service landing page",""
"684","https://chamanlawfirm.com/poven-steps-on-what-are-the-stages-of-mediation/","Poven Steps On What Are The Stages Of Mediation","","","litigation/ADR","not confirmed","11 clicks; 1197 impressions; avg position 35.17 from local GSC Pages.csv","not available locally","legacy image not confirmed","/practice-areas/adr-mediation","redirect old URL to best new route","","https://chamanlawfirm.com/practice-areas/adr-mediation","included","low/medium - editorial and legal review still required","image recovery needed","not restored","restore as static authority page",""
"690","https://chamanlawfirm.com/our-legal-team/","Our Legal Team","","","general legal education","not confirmed","11 clicks; 941 impressions; avg position 6.94 from local GSC Pages.csv","not available locally","legacy image not confirmed","/resources/blog/our-legal-team","redirect old URL to best new route","","https://chamanlawfirm.com/resources/blog/our-legal-team","not included until restored/approved or static target exists","low/medium - editorial and legal review still required","image recovery needed","not restored","restore as static authority page",""
"744","https://chamanlawfirm.com/labour-and-employment-law-in-nigeria/","Labour And Employment Law In Nigeria","","","employment law","not confirmed","9 clicks; 3069 impressions; avg position 55.73 from local GSC Pages.csv","not available locally","legacy image not confirmed","/practice-areas/employment-law","redirect old URL to best new route","","https://chamanlawfirm.com/practice-areas/employment-law","included","medium - verify current law and facts before publication","image recovery needed","not restored","restore as service landing page",""
"746","https://chamanlawfirm.com/real-estate-investment-financing-in-nigeria/","Real Estate Investment Financing In Nigeria","","","property/title","not confirmed","9 clicks; 2516 impressions; avg position 45.64 from local GSC Pages.csv","not available locally","legacy image not confirmed","/resources/blog/real-estate-investment-financing-in-nigeria","redirect old URL to best new route","","https://chamanlawfirm.com/resources/blog/real-estate-investment-financing-in-nigeria","not included until restored/approved or static target exists","low/medium - editorial and legal review still required","image recovery needed","not restored","restore as service landing page",""
"813","https://chamanlawfirm.com/real-estate-business-plan/","Real Estate Business Plan","","","property/title","not confirmed","8 clicks; 528 impressions; avg position 38.27 from local GSC Pages.csv","not available locally","legacy image not confirmed","/practice-areas/corporate-commercial-law","redirect old URL to best new route","","https://chamanlawfirm.com/practice-areas/corporate-commercial-law","included","low/medium - editorial and legal review still required","image recovery needed","not restored","restore as service landing page",""
"819","https://chamanlawfirm.com/investment-agreement-lawyer-in-nigeria-ensu/","Investment Agreement Lawyer In Nigeria Ensu","","","general legal education","not confirmed","8 clicks; 403 impressions; avg position 25.47 from local GSC Pages.csv","not available locally","legacy image not confirmed","/resources/blog/investment-agreement-lawyer-in-nigeria-ensu","redirect old URL to best new route","","https://chamanlawfirm.com/resources/blog/investment-agreement-lawyer-in-nigeria-ensu","not included until restored/approved or static target exists","low/medium - editorial and legal review still required","image recovery needed","not restored","restore as service landing page",""
"843","https://chamanlawfirm.com/secure-governors-consent-in-ikoyi/","Secure Governors Consent In Ikoyi","","","property/title","not confirmed","7 clicks; 1060 impressions; avg position 6.82 from local GSC Pages.csv","not available locally","legacy image not confirmed","/practice-areas/property-real-estate-law/governors-consent","redirect old URL to best new route","","https://chamanlawfirm.com/practice-areas/property-real-estate-law/governors-consent","included","medium - verify current law and facts before publication","image recovery needed","not restored","restore as service landing page",""
"845","https://chamanlawfirm.com/dispute-in-nigerian-real-estate-transactions/","Dispute In Nigerian Real Estate Transactions","","","property/title","not confirmed","7 clicks; 1009 impressions; avg position 10.63 from local GSC Pages.csv","not available locally","legacy image not confirmed","/resources/blog/dispute-in-nigerian-real-estate-transactions","redirect old URL to best new route","","https://chamanlawfirm.com/resources/blog/dispute-in-nigerian-real-estate-transactions","not included until restored/approved or static target exists","medium - verify current law and facts before publication","image recovery needed","not restored","restore as service landing page",""
"876","https://chamanlawfirm.com/free-open-lawyer-software/","Free Open Lawyer Software","","","general legal education","not confirmed","6 clicks; 1732 impressions; avg position 41.68 from local GSC Pages.csv","not available locally","legacy image not confirmed","/resources/blog/free-open-lawyer-software","redirect old URL to best new route","","https://chamanlawfirm.com/resources/blog/free-open-lawyer-software","not included until restored/approved or static target exists","low/medium - editorial and legal review still required","image recovery needed","not restored","restore as service landing page",""
"897","https://chamanlawfirm.com/ultimate-guide-how-to-apply-and-obtain-letter-of-administration-in-lagos-state-2025-update-authored-by-charles-chukwuma-nkwoka-esq-ksm-llb-bl-llm-cmc-fimc-aicmc-aciarb-managing-partner/","Ultimate Guide How To Apply And Obtain Letter Of Administration In Lagos State 2025 Update Authored By Charles Chukwuma Nkwoka Esq Ksm Llb Bl Llm Cmc Fimc Aicmc Aciarb Managing Partner","","","probate/estate","not confirmed","6 clicks; 474 impressions; avg position 18.55 from local GSC Pages.csv","not available locally","legacy image not confirmed","/lawyers/charles-chukwuma-nkwoka","redirect old URL to best new route","","https://chamanlawfirm.com/lawyers/charles-chukwuma-nkwoka","included","low/medium - editorial and legal review still required","image recovery needed","not restored","restore as static authority page",""
"910","https://chamanlawfirm.com/challenges-and-opportunities-in-real-estate-investment-financing-in-nigeria/","Challenges And Opportunities In Real Estate Investment Financing In Nigeria","","","property/title","not confirmed","6 clicks; 158 impressions; avg position 36.13 from local GSC Pages.csv","not available locally","legacy image not confirmed","/resources/blog/challenges-and-opportunities-in-real-estate-investment-financing-in-nigeria","redirect old URL to best new route","","https://chamanlawfirm.com/resources/blog/challenges-and-opportunities-in-real-estate-investment-financing-in-nigeria","not included until restored/approved or static target exists","low/medium - editorial and legal review still required","image recovery needed","not restored","restore as service landing page",""
"932","https://chamanlawfirm.com/nigerian-real-estate-investment-pitfalls/","Nigerian Real Estate Investment Pitfalls","","","property/title","not confirmed","5 clicks; 1123 impressions; avg position 19.41 from local GSC Pages.csv","not available locally","legacy image not confirmed","/resources/blog/nigerian-real-estate-investment-pitfalls","redirect old URL to best new route","","https://chamanlawfirm.com/resources/blog/nigerian-real-estate-investment-pitfalls","not included until restored/approved or static target exists","low/medium - editorial and legal review still required","image recovery needed","not restored","restore as service landing page",""
"937","https://chamanlawfirm.com/sustainability-and-green-real-estate-initiatives/","Sustainability And Green Real Estate Initiatives","","","property/title","not confirmed","5 clicks; 995 impressions; avg position 39.66 from local GSC Pages.csv","not available locally","legacy image not confirmed","/resources/blog/sustainability-and-green-real-estate-initiatives","redirect old URL to best new route","","https://chamanlawfirm.com/resources/blog/sustainability-and-green-real-estate-initiatives","not included until restored/approved or static target exists","low/medium - editorial and legal review still required","image recovery needed","not restored","restore as service landing page",""
"945","https://chamanlawfirm.com/immigration-policy-in-attracting-foreign-talent/","Immigration Policy In Attracting Foreign Talent","","","immigration","not confirmed","5 clicks; 810 impressions; avg position 28.04 from local GSC Pages.csv","not available locally","legacy image not confirmed","/practice-areas/immigration-services","redirect old URL to best new route","","https://chamanlawfirm.com/practice-areas/immigration-services","included","medium - verify current law and facts before publication","image recovery needed","not restored","restore as service landing page",""
"987","https://chamanlawfirm.com/regulations-understanding-of-nigerian-employment/","Regulations Understanding Of Nigerian Employment","","","employment law","not confirmed","4 clicks; 2317 impressions; avg position 42.39 from local GSC Pages.csv","not available locally","legacy image not confirmed","/practice-areas/employment-law","redirect old URL to best new route","","https://chamanlawfirm.com/practice-areas/employment-law","included","medium - verify current law and facts before publication","image recovery needed","not restored","restore as service landing page",""
"993","https://chamanlawfirm.com/corporate-affairs-commission-and-its-functions-in-nigeria/","Corporate Affairs Commission And Its Functions In Nigeria","","","corporate/commercial","not confirmed","4 clicks; 1281 impressions; avg position 15.9 from local GSC Pages.csv","not available locally","legacy image not confirmed","/practice-areas/corporate-commercial-law","redirect old URL to best new route","","https://chamanlawfirm.com/practice-areas/corporate-commercial-law","included","low/medium - editorial and legal review still required","image recovery needed","not restored","restore as service landing page",""
